[Settings]
place_index = 0
backup = True
rotation_y = 0.6223628691983122
rotation_w = 0.23404255319148937
scale_min = 0.6
scale_max = 2.607511737089202
theme = litera
selected_ids = 146302939,1549289562,1072610991,-896734340
language = en

